152490443
168315739
197132673
204833956
252464612
254741045
297139578
351958131
367301157
375725166
440613092
441462710
445173611
491571123
519682137
560223438
570277024
583540628
610152507
615142247
658503171
663033197
666370792
670567664
776105066
792523249
819874142
843887974
904573515
917225444
917940466
928410572
943354634
978779447
997008797
1022412606
1047114055
1055926617
1057919983
1084140105
1097814525
1103455911
1104540937
1121706851
1202154348
1202833938
1242262206
1283772788
1320619849
1339738483
1367564519
1381963294
1394513627
1434705737
1436856956
1466356856
1482324044
1495568491
1496326985
1507540122
1552439546
1583673241
1680779601
1698920323
1700977830
1707676673
1711629282
1713030140
1728179524
1759086015
1772777171
1773314321
1843930365
1858909575
1879163799
1891934743
1892679371
1900341704
1908938922
1923764250
1958967475
1970588247
1979245473
1979946426
1985220802
2004222550
2061702918
2097910803
2103774697
2105630300
2106054508
2126621666
2133053110
2134816760
2162139701
2164307656
2195626142
2219579559
2254659180
2260223643
2308824239
2334070076
2352008626
2415324109
2417903954
2470959718
2471763182
2498330919
2499832003
2509693768
2529729986
2570587935
2631159775
2653753623
2654559143
2680056033
2685525576
2689904650
2729218031
2744071563
2746383869
2757536303
2850668228
2876153700
2901156706
2921892339
2929360082
2930709518
2944868701
3000235912
3032358202
3045226808
3052290371
3199278449
3224726054
3226812495
3228035993
3262363114
3314504122
3353848828
3359012956
3392860638
3403404337
3411190234
3417408932
3457624013
3462297238
3508427927
3567700482
3634529984
3643530456
3687558453
3689947730
3695701784
3696527307
3702182530
3721170122
3727646598
3756546434
3776967150
3785115706
3794371082
3795193461
3808672296
3815473778
3828569049
3831519960
3873850135
3879814618
3891106003
3905496770
3951428441
4040583478
4043417851
4058124735
4072398129
4112949967
4211815379
4218008417
4255422890
4258146593
4268838025
4295504434
4301449397
4312649789
4338409061
4361914067
4375784532
4377307700
4394223523
4455179330
4467953962
4490203137
4496902822
4511738421
4589370087
4625991414
4628247270
4649783307
4668761449
4681820976
4689126184
4698767161
4706830119
4709340900
4736578774
4755956177
4757221588
4793600558
4813662713
4841465417
4865868452
4876273819
4907916334
4908150563
4925038306
4945334178
4972285455
4976863214
4995925571
4997432162
5016404163
5059072416
5107991053
5178866936
5192044281
5200747814
5216818114
5316000147
5342337488
5343942003
5402776230
5402977646
5425029689
5425577408
5485824565
5505704572
5522505116
5558203019
5598858916
5608187097
5618234633
5687473941
5699224682
5705594102
5714902404
5763808422
5826644344
5858249334
5864660388
5868500749
5877743554
5890882618
5891680873
5892427370
5930807689
5957497801
6040607992
6070438622
6080202183
6085371563
6181375167
6182875589
6184313800
6233405875
6272114670
6292129906
6294406106
6303119274
6307050499
6352810506
6359699136
6483110910
6485713716
6494237658
6519675371
6545537695
6549189870
6552938276
6580111502
6615647533
6629210782
6676130993
6734472102
6835718473
6842484393
6884002216
6888794008
6929465553
6970413263
6982383356
7012083071
7072959954
7076117963
7129907628
7133351121
7144302827
7174302192
7194642844
7209161310
7216453568
7267908585
7282063580
7307238796
7307951281
7339353192
7371781354
7377129225
7426247450
7450274428
7460826255
7519020424
7563472425
7590889250
7593643625
7615374898
7618777237
7638716335
7645860995
7658451370
7697865462
7716771632
7755951578
7768745976
7786341557
7795162486
7822457507
7830413321
7888725086
7888733795
7900994464
7903940032
7905038488
7942417358
7958975143
8005552980
8009609911
8013245055
8076674825
8093837883
8117344994
8142080719
8149439509
8150307353
8161470497
8178000075
8203664087
8206853202
8230769409
8233225731
8242089885
8245690730
8277093119
8346623315
8350141702
8425792398
8442778432
8496523251
8503319231
8508460289
8545831781
8560811150
8565215111
8585000195
